1848
814
5006
4245
6911
8643
7362
7599
1388
6479
5840
6127
7750
1012
4251
5768
2252
2998
5682
9823
53
1863
9237
6266
3119
7700
1973
1459
9476
3333
5360
9650
4420
9380
6848
1008
3483
3100
2477
467
3826
432
2432
6644
1063
2342
2990
8769
8082
2367
4365
6650
7158
6575
6918
6869
4003
2318
2612
8139
4195
9651
301
9922
1614
627
6769
3518
7004
9172
3717
3846
464
6724
7179
1469
3656
8400
5533
2388
7371
9384
5691
2583
2109
3842
9995
7487
8802
7614
2749
4074
2487
532
5746
9751
3406
7357
9247
5742
8184
261
8971
2142
1856
1445
1333
9017
5024
4916
7086
1836
1716
6206
5622
7581
986
2034
8133
1516
9315
940
7213
2381
4896
9894
5135
2513
6192
7134
2278
7083
9836
8486
131
3658
8877
38
6129
7627
4909
6742
2122
3425
5148
4837
4310
1662
625
8289
8091
8260
1202
3279
6553
7344
4767
6836
4758
3839
4801
1539
1096
4322
7365
7107
3352
576
9046
8220
5830
1505
5088
3210
2594
485
8701
1263
399
5763
8637
3461
9921
271
6096
352
1511
7719
6933
1154
4396
68
9538
5082
4840
308
6880
3791
2365
8885
8880
2451
7474
5320
512
6797
567
4566
1057
8127
9446
7903
7065
5635
8598
6989
2420
1199
7506
5932
8848
9452
6205
424
9607
1827
2087
5041
2491
7017
4852
374
8960
2996
2366
3968
821
1315
9498
9142
7603
6335
7586
1870
523
5468
6188
1555
2195
2141
8318
1050
6296
9726
996
1556
7123
2867
7866
2173
8444
493
6708
1572
3542
1732
9404
5334
6485
6661
6168
5427
7992
7486
7071
5455
8242
1196
8574
121
5947
6481
5003
293
5658
4020
349
946
3491
2808
7668
799
9354
5422
1031
8901
2948
2846
8611
8720
7933
8129
5762
5488
6594
4545
3376
4756
1131
8665
449
358
242
9797
9729
9591
6159
8535
9312
6576
8380
4943
9433
5669
4554
2787
3527
9583
2073
3274
8740
6570
4843
3725
6770
2061
7835
886
6437
9014
4296
2349
4741
7675
7207
9718
4784
1121
2170
90
7782
8053
1376
618
1796
193
2650
9709
163
8682
9938
3187
7497
9252
1890
9134
2860
7774
1710
7589
8951
9687
37
342
7656
8764
6912
1277
518
9982
693
6209
4514
2915
9673
6549
5567
6531
2299
4359
5548
5693
6301
9851
2896
8422
6164
4299
2119
3252
6118
4335
7680
6216
3785
4853
4965
2557
9383
3765
6270
651
6373
8624
3147
920
6823
1482
4850
768
8240
8809
2401
7781
3788
8390
4044
2209
3351
5075
5508
9148
4197
9242
7964
4684
9812
3336
9159
6391
6347
8433
8578
9984
5997
9628
1520
1366
4901
3091
6384
3238
1955
5588
762
5892
3473
1958
909
1261
9332
320
6532
9324
3575
3035
1695
4028
2663
3372
3377
6039
317
5211
8331
6595
132
8859
4053
187
2553
3209
7725
8793
5298
9122
1786
7631
3496
436
8098
107
9277
4229
2056
7974
1075
9365
8671
655
1717
2369
2599
6415
7573
9157
8758
1032
7067
7961
929
3970
616
3354
204
4199
5523
798
5458
7517
4457
6173
6025
4250
288
258
8483
172
1913
4040
7766
5189
369
5357
7907
4269
9899
5262
3754
1028
1230
3111
2060
8420
5140
5279
721
2793
7699
1497
8116
391
2095
9943
7410
2537
7657
8985
9578
634
6310
7945
5611
4867
2421
1932
2680
5267
9658
2309
8117
6552
8112
8571
4103
4465
8890
4530
5382
3807
8419
6061
3760
5697
9464
7084
8161
6910
5344
2690
3869
1502
7054
8968
4797
4505
8524
3712
727
9010
1730
3117
3945
2016
9013
3285
7081
6697
4743
8788
1033
5835
8999
8450
8115
23
973
3608
7760
7149
4900
9059
7867
3071
3999
8805
6774
6390
8317
2693
8065
1035
3471
9204
4271
2905
190
6755
5385
4008
8252
340
410
4576
8265
7513
7669
4343
9711
742
3200
7183
4873
8996
2467
9113
2499
5864
9778
2823
451
4574
9973
3023
9286
8661
1345
4720
4337
9760
9207
7116
829
3030
4328
2878
6353
1659
9281
6896
513
5602
1804
2002
2301
9928
3849
4077
2508
2281
9948
507
1474
5562
1437
7947
7713
3948
3647
3937
9362
2402
1679
9830
5194
5946
51
2182
4267
6573
8824
8935
1297
385
6652
1638
3052
4639
5749
6343
7681
2827
8741
2545
5378
6873
2370
2005
6470
6891
3422
7571
1988
7177
2210
1528
3459
5240
8373
8732
6734
6766
7544
3505
1908
5784
6606
8612
7188
4228
748
8702
9466
7340
965
6530
641
3665
6064
7147
6625
8882
2902
5854
8063
2187
755
1267
3535
9301
9033
898
3440
8464
9280
1845
2921
2847
5950
7537
6654
8545
4609
3511
3565
4946
3474
1316
2901
8648
932
3673
6717
9741
6006
1283
6152
8588
7536
733
3845
3794
5167
3813
7718
2546
1615
1415
2691
9150
5575
1250
1219
8840
6194
418
309
4781
7664
9303
6586
3449
7769
16
3576
5146
815
7440
2580
5782
5639
9542
3671
6302
3784
9552
8206
4610
2418
6940
6306
7542
4628
796
9989
1989
2059
8723
431
2220
744
6518
1917
810
3763
8823
8708
1116
8472
4997
7857
34
7045
2097
2046
1007
5002
1915
6293
3287
8151
9739
4450
2156
1142
1287
1920
9745
8349
5301
9026
972
6631
8506
4572
563
5659
4066
4052
9358
3282
8834
8899
4132
4300
7732
5903
3685
8992
8304
9012
9307
8507
9489
8202
3899
2125
8871
2165
7529
8619
5297
4723
648
1432
426
156
9274
5513
5955
1186
2607
9706
3730
4120
2112
7710
1172
1254
6857
8520
6732
5475
2983
8179
3374
4751
6802
9117
5657
5400
4719
1928
7543
9813
9331
8826
1424
2947
9764
575
3049
4186
4526
1600
4561
1155
6540
3701
9735
7914
7780
7305
8093
8092
994
5569
8421
8334
2127
8962
4630
4225
4746
8839
621
3670
5245
4557
2951
1591
5259
9409
8314
7619
2269
3368
3350
7015
3
7460
2312
2713
7604
9458
4317
7678
6282
8747
8090
9749
7244
7796
6830
8301
2587
3552
6179
5044
8044
7336
6038
9567
3089
4937
5404
4386
6232
9635
8844
4733
5956
3634
7130
6728
7488
5235
4282
6308
4638
6980
5415
4308
8357
3852
4868
5374
9386
3028
411
2397
4323
6334
9258
4978
1850
8921
3922
9587
5441
5860
1728
3604
9855
5487
2376
7744
3183
456
57
4042
7194
2206
9563
3992
8267
26
9425
6915
135
8903
7777
5882
5256
1561
3864
8412
1521
8079
5552
6021
5577
231
3085
4904
826
2960
6464
6967
7983
8994
5958
9634
3240
3806
4041
7326
5800
5497
6030
502
6525
4814
1760
4351
1406
9994
4217
9057
3155
4227
5644
9761
2670
2919
5492
3466
6408
7347
4568
4966
712
6885
4436
8247
3589
1363
2096
8105
7847
5331
2561
4029
7029
3385
155
8652
831
3923
9279
6307
5411
4920
2009
9570
2667
9738
2549
7735
5828
6029
4064
1311
4962
9925
361
3462
6190
7578
3902
3918
5247
2443
5094
5051
4949
9853
2334
3328
3255
4454
367
2550
6469
378
9483
8302
350
21
379
7108
3931
3523
5574
5820
4376
5160
1167
8609
530
8569
8719
6086
5811
9775
7837
8227
5214
4569
8113
5060
4589
7008
7524
9724
8288
1003
6121
7607
2852
9534
5778
6581
1960
3528
4110
6429
6213
7171
5704
9748
2493
630
2330
3065
7077
6499
1514
1428
6309
4133
5270
5979
7011
6964
2647
6811
1968
8614
2036
9427
9811
2232
4054
3880
9298
3781
4760
6262
9309
8707
7078
1386
6704
3011
4352
7557
2414
7199
5881
7702
7120
9287
6108
6248
96
4478
900
1100
8159
3525
2149
1596
7887
5129
1697
6707
5239
2382
9962
2769
9947
5698
3455
4243
3000
1488
4449
1385
7298
8178
2633
8582
381
6389
2942
2891
5040
3418
8634
3001
6972
2543
1696
35
7970
9640
7101
9824
4580
6658
3176
954
4599
5531
1736
4309
6881
4515
7212
6524
6822
7416
1964
95
2727
6673
9181
5504
5195
6015
7469
1896
2265
1229
9271
3015
9219
8025
8906
89
3153
9083
5010
9615
3977
8074
4173
8425
8684
7748
9713
951
7477
8307
1429
9436
7827
4653
7722
8561
5570
2052
4136
9668
2855
7703
860
5898
5314
8473
3938
1895
5534
2423
1504
376
586
2918
8608
869
9378
8564
2185
3508
1587
9477
7954
3934
6045
2295
7743
4776
3102
2751
4722
9097
664
4967
9547
5963
2314
9979
3631
6685
1627
4114
6596
4991
5004
4980
2015
3745
8892
2581
6370
8097
5543
8980
7012
2194
6565
8517
671
4803
6095
8386
4944
20
2238
8513
3326
79
7291
4202
5184
6725
5824
2931
4165
4021
2841
9901
8239
9626
9497
8633
7180
3499
8746
4742
2048
8217
6849
5844
9516
8607
5631
397
8570
4037
6890
5539
4488
6392
9848
2714
514
2283
3887
5775
9050
6806
3394
1884
5068
6028
4809
6275
2470
9462
5804
5304
8040
2294
3438
3215
8429
9843
1422
578
5608
8881
1642
5757
2200
3512
1010
2519
5454
1782
4563
9093
2480
3514
489
7597
9710
7564
8917
9704
925
7203
5999
5517
7798
9005
8730
9353
6024
9831
8961
1746
7321
8152
2288
2347
93
1672
9595
7273
9120
1902
5972
6410
2683
737
8970
6558
544
8270
3544
9639
6435
7002
3688
5352
1965
2169
5736
9870
5322
1064
5529
2409
8646
446
8756
646
2818
7465
4475
6295
1377
4157
357
3383
8554
2798
1132
9794
7182
9321
3434
9808
4382
7927
8639
2839
9137
5765
8919
1668
8651
3254
8253
1868
6364
1105
1743
1291
5136
6148
7940
7686
4276
2449
3149
1372
6919
3550
6982
1620
1830
363
7858
8437
8984
7459
3275
380
9366
4412
4318
6983
5311
7511
7386
2655
3347
2859
6632
1564
8977
3040
4339
2197
3810
1160
5271
6382
4710
2980
2189
5705
8604
9290
8530
3510
3957
9675
2380
9576
1334
2816
316
2625
4875
5598
91
8352
1494
7464
4262
9804
6740
1704
3724
4159
8246
8884
250
4215
8266
1120
4646
15
7501
7237
9622
3358
8874
846
4872
8833
1633
5111
7327
5310
6962
4912
3492
6365
5785
6003
4238
9374
8449
720
5065
8594
6810
3184
8508
84
568
4960
1102
8630
1551
4975
8527
2304
8910
5910
8322
1803
1821
5097
601
439
1109
1362
6571
3799
8118
2992
2090
9209
4677
3305
6203
7374
5026
3131
4958
130
632
6107
5192
71
7823
2108
6618
7069
6283
7397
7039
7020
9575
7339
3044
2124
2492
4947
756
9936
9766
4604
2037
1855
244
154
9128
9226
6928
7210
3580
8395
2507
8642
6984
7113
1195
6785
9216
5268
8990
4910
2471
5930
7872
3189
536
6090
2118
1320
4038
3228
2058
2047
1826
2143
7892
4105
9743
8727
7642
6776
7868
7508
9220
8956
3277
8664
3086
4432
4521
6215
3762
4198
7851
2754
3824
3971
2871
9929
749
1148
4740
2302
3356
6397
1512
2518
7971
6916
4403
8015
7890
4387
5661
4154
128
2826
3539
1492
711
2271
3680
7437
894
5754
7293
2578
7413
8278
3633
5753
3929
885
1752
6892
9070
8542
8690
2890
2393
4500
6208
8311
7473
5790
2767
5707
8593
1522
9052
1675
9414
3357
7311
479
8368
4511
7163
6841
5220
1080
1847
1947
9520
4792
6200
854
8537
1548
6237
7615
7985
5207
6439
421
622
8716
8277
3638
2300
2000
7341
3626
4312
9342
7884
7550
7417
1470
5993
3897
9746
8886
764
7973
5153
5582
8656
1898
2819
5996
6669
8050
597
7687
2832
3568
4548
8085
6360
7510
9141
1087
9957
1433
1421
3776
5516
7058
8699
18
1486
7143
5095
5412
1143
3940
6688
8036
6965
4226
4933
7515
6062
5560
1292
1712
623
9020
6572
9261
3182
109
1478
101
7234
3964
8836
6012
1171
7900
7048
8460
2243
9782
3108
9590
832
7138
9676
4002
1592
5853
2889
4000
833
3037
8328
7146
5677
4757
8078
3173
9359
1384
1139
5502
6966
6235
5839
3643
542
6764
2569
5676
7129
6904
3300
3120
9160
75
2776
2555
9465
4567
2469
9890
8709
6613
6380
442
5544
3862
3121
5379
5554
6875
104
1799
7426
3596
4026
8767
6137
3398
1062
2800
3624
2665
3500
7060
5787
9688
4603
9371
7438
2956
8729
8752
522
2132
8308
3165
1389
4415
8543
7200
1182
6757
9623
9412
2881
4986
8816
3006
1403
937
7093
8291
6101
5856
6858
888
2082
1593
7691
8560
1246
3636
9077
3451
6356
9662
9976
4078
9652
2977
5156
5110
5032
2577
25
6952
8734
5915
3369
1090
4559
5919
2104
4925
5748
2781
2747
2590
1835
416
3242
7209
4440
6559
6959
6935
9861
5557
2684
1837
1352
8898
9518
9422
3666
2708
9643
2422
226
7139
9487
7100
3265
6136
8214
6958
4071
2535
2123
2755
3501
6260
388
5826
9758
9047
2084
9596
8171
9789
4835
3605
6290
5362
1719
3407
9196
6773
5722
4223
4184
2306
8538
1343
2523
3391
7889
9907
9965
8212
3264
8832
3371
7556
3005
3481
8060
9617
1916
4903
1465
8565
4303
2554
1441
3579
5371
8616
6399
8010
3338
9454
5726
6048
3803
1673
6749
8405
3879
5522
8411
4833
5428
9230
9478
9132
3607
6278
9480
5879
8316
8475
4582
4380
4942
3433
393
1293
3522
9428
520
5649
6236
8336
4336
9479
3226
1894
7027
9392
672
6738
8023
6002
6490
7471
7368
1510
3983
7292
1833
3947
7478
1471
1852
7629
3720
1798
6578
6961
8947
3124
1289
1978
5590
5390
3267
3571
76
343
5022
5085
4094
3428
620
8013
2984
9472
7057
3074
8811
864
4815
1550
1017
4368
1332
8860
858
6736
4971
482
4430
6362
3072
7267
62
5264
1310
2135
9447
2725
6522
5960
5443
1051
7677
9837
9820
9125
9468
9839
2678
9772
5793
5489
8275
983
3088
9054
3150
72
3837
6114
437
4531
6387
6354
6220
1257
5219
9151
4883
7185
8401
6071
2378
5117
7757
5159
527
3777
753
8218
4601
5417
2958
5389
9330
6588
7224
1694
331
4989
4348
9699
1058
1276
5101
5899
3314
8662
6752
7000
7398
5939
7230
6416
7160
6223
6177
1448
9006
7087
1936
7910
763
6396
5409
2801
2638
1813
2604
3628
2608
265
1018
2448
3359
4167
5837
785
734
5751
4667
8377
5865
9201
6267
339
8782
2605
2967
45
5210
1013
2752
6089
4429
6471
6323
702
4345
5179
1138
6419
4898
5472
2892
9463
1897
5601
9904
329
2756
2805
1066
3495
8902
4072
459
1130
9740
8100
8361
8883
3080
1974
2606
8489
6683
4495
9858
3780
2258
1475
3132
871
3010
146
5173
7030
8660
5202
7022
5788
1768
9308
2687
9110
2621
2806
5403
7818
1237
1853
8878
7360
7941
2161
302
134
3258
6914
5952
8
5014
5734
9106
2733
5459
8164
3692
3457
4101
1391
2572
4212
3393
873
3135
1533
9031
5934
4443
4142
5282
7242
2460
6228
9061
1877
7484
7810
463
2348
6098
3822
7013
6412
5218
413
8724
6827
3943
566
715
6016
3486
9654
5813
6009
8126
8567
6011
5206
8615
2701
7364
7877
5729
1858
3708
1394
7284
6605
3337
7412
656
6897
8424
3742
1425
8893
1125
8993
207
7198
8347
4493
5571
7639
2426
3595
5770
4470
8950
4525
4690
1270
8770
8225
5049
8944
2020
7731
6711
872
9656
3738
9316
3448
1713
6930
1678
1693
6198
5050
3617
1766
2642
5047
8101
841
3558
9091
992
6426
2327
4065
9292
8622
3706
6521
3942
6385
7295
2215
4871
3534
3974
5118
7845
1147
1763
4431
1733
2939
7256
3239
249
1568
4033
7844
4045
8749
4079
1340
6775
1468
1367
9975
8763
505
8417
176
7521
9213
6204
1029
5933
1305
8484
8812
9344
4808
9494
2768
2091
835
8363
4131
1745
4086
1764
6466
1236
6312
4664
9876
4543
4518
870
8876
699
9003
3667
8305
2722
2490
1500
450
8017
5486
1098
4739
3978
3081
3136
3915
3925
6574
8837
6641
4571
1067
1755
7531
2994
1399
7258
754
2155
8030
5816
9589
6456
4755
1892
3059
3301
2706
8830
725
3691
3517
9998
6514
1515
2946
5836
9419
6763
4119
7666
9255
4899
273
2613
9363
7235
7136
828
1562
8002
6737
4356
9032
9646
6115
160
6018
7433
5276
2226
2527
1876
9840
9565
8058
5511
8558
1216
9530
5453
9877
801
5499
3614
1976
5150
3016
7869
9816
6783
3513
9931
1228
8335
3853
3118
4099
6063
9011
1484
9167
8381
4222
7745
2689
4849
164
2814
9944
5868
2361
8095
7505
8954
3230
1407
6083
7441
3171
1517
1290
3930
2695
8233
1006
5145
4441
930
3905
8563
6925
5198
8020
9893
8045
9659
5289
2094
3076
6141
5877
248
4585
9123
7366
4329
9866
7088
70
1053
966
6163
3831
6667
7262
6069
979
868
9348
5744
3840
735
1027
6482
2702
2636
5730
9285
8713
2484
647
6341
6336
3346
4341
7583
152
8337
2864
5424
6417
9541
6181
5284
2865
5175
5090
3096
2102
3105
882
6657
3041
1569
7752
4201
2709
2950
3710
8384
5368
569
3556
7375
1931
615
9435
629
7396
5735
3619
956
2377
1294
6054
5737
2350
4084
1805
8399
2679
7783
7036
4419
3752
3838
5318
5105
4467
3454
9604
189
9024
6976
5290
8828
1030
957
5246
7472
6920
4579
2742
8128
7516
5712
5406
74
916
8057
5623
3306
4976
9235
3823
5241
6694
117
1878
2601
9801
3020
1200
234
3107
5920
9838
7104
9549
5308
1318
6427
372
4482
5354
8499
1625
3928
4192
31
2824
4961
5660
2070
6879
9096
3364
558
813
9857
9065
1583
9131
5447
8376
2291
6425
9421
3145
8299
2843
9189
1490
8324
590
811
9080
2396
6378
1489
3574
5293
85
5545
6486
2857
3090
9223
3733
2854
1358
5937
9720
761
4661
1800
2574
9545
9912
2641
2191
866
822
6582
4636
7704
4062
7254
3163
4509
9932
180
1597
2321
4091
6942
137
7214
8244
9611
1326
5515
8141
3060
8385
9970
3444
9198
2602
5237
8286
5922
5143
1580
313
8205
285
6622
4185
2494
5607
4625
4765
3482
1328
215
3309
3681
9887
3987
8663
6639
4207
7911
7111
6924
3890
2940
2703
8263
3988
781
2159
4385
4046
9025
9056
6516
1739
8735
1107
2276
10000
4786
9400
5035
3128
268
9788
4087
1329
3268
5208
4864
237
3503
6844
2724
5225
5713
5064
5033
6297
1888
6256
2662
8447
1244
4834
2457
2326
4434
2576
6771
4897
7064
9270
1150
5292
7786
5724
7976
1731
4529
8465
7335
9556
9744
2225
2834
8281
8262
7345
6014
2086
5296
3362
9152
1217
8670
6379
4744
3844
7562
521
4383
5662
4388
2718
4696
8918
475
7283
4014
4552
383
1241
8480
4209
5012
604
8997
9099
1284
3641
3764
5896
3330
7768
6049
5764
217
3276
6057
9267
119
6820
7736
2995
6111
8043
4178
915
896
407
4680
9847
631
3269
6831
8414
7661
6853
3933
3246
7479
173
2146
5971
270
820
8596
1047
6085
2730
5901
6082
2911
2033
7982
3273
7575
3013
3424
8144
6762
9750
4305
6787
5987
2181
8325
8706
9649
6608
5227
3769
1088
8875
7043
1538
7151
1183
6087
8566
2120
7853
5451
7758
1949
9888
1703
9225
236
4523
792
6876
2456
7427
7577
7671
1398
2333
2632
5073
4043
1397
7281
1903
9507
106
6484
2160
1041
9891
9192
6229
5863
7533
9952
3740
1788
3888
8342
5802
1045
4865
321
8012
194
6174
4327
3109
4203
3919
9233
4148
2900
2018
7145
1094
1840
4945
2516
4126
836
1959
7790
5465
9218
7430
5627
9968
8551
893
43
9663
2914
6759
7189
688
8367
4311
3426
2716
4092
9728
8931
1319
6109
4656
3986
9084
3578
6529
7175
1953
2241
275
2412
5419
6326
64
8094
9170
3834
9736
5203
7779
2817
2795
1727
9323
9612
8718
947
936
1981
3261
1095
8061
1085
9114
7520
9645
5695
8059
1939
4911
8011
7765
6780
8803
7592
8568
7393
2329
9958
9774
345
1875
8353
4804
5229
2964
4047
9737
2133
4326
8070
6969
1530
4714
7850
5978
6503
1048
5733
9240
7142
8773
9767
2762
5651
6075
4570
202
771
7024
5066
2959
8052
4593
1224
9470
7817
5795
2230
6893
5162
961
6938
2719
879
9637
7864
1862
4275
2654
2392
1077
4130
6591
4654
2661
5641
220
466
476
9951
1549
3891
7155
4730
9043
1375
8869
723
5053
9215
6017
9004
9511
3480
4378
4409
776
2201
2530
8428
7888
1601
346
9712
6705
9609
1136
1652
3627
1312
8737
5559
5319
960
8516
7549
659
4940
3294
9883
612
6145
1923
495
4104
8208
7622
1547
4406
2934
7708
9373
3175
1099
4374
8296
2177
8525
295
8073
1724
4984
2929
3164
4613
9505
8413
9259
7939
1
6143
3152
7808
9397
2216
3031
6539
2596
2582
3814
3843
6472
3952
9871
4870
2534
7921
7380
9164
9210
3541
7778
587
8497
8728
7655
4485
6097
1560
2320
2669
5596
7824
3629
1193
2023
8934
7419
550
9550
3993
3768
5074
6721
1278
7714
4049
9683
4711
6423
9248
2899
4542
9399
6816
9459
4981
5030
7350
5774
6116
3487
3045
6403
4325
7776
2671
9244
3134
6628
5909
7591
4536
294
7838
3828
210
3721
1383
6519
5430
501
2987
4685
683
6860
816
6153
2359
594
6274
907
7647
78
3307
603
975
3485
7572
8388
6626
7689
9730
9103
213
3038
4254
7701
1245
1365
8468
4445
793
227
3154
7951
503
161
7980
3344
7384
3856
6158
8669
2836
6637
5027
939
9245
3825
7775
8620
6743
5250
5731
1061
5498
9423
8847
3533
3024
2242
2999
686
1152
6714
8589
4845
3002
2986
5977
4705
2433
8099
3379
1330
7800
6712
4591
927
5527
3303
5230
1919
5832
7996
7220
6178
2245
8467
1623
3602
812
7705
178
7250
4754
5438
9109
1285
7257
2429
7841
5166
2385
1577
8815
3212
4358
2019
5426
5583
5181
4825
5392
169
8679
2223
2231
6110
5234
3415
847
3832
9211
8849
5083
8797
9769
4057
8865
2520
9406
9796
2134
7457
8487
8866
2640
8348
7176
3198
19
5272
7772
9346
903
9175
1657
7785
3116
3046
2067
1773
1455
3939
2041
7014
665
3103
9892
2040
4616
7616
824
4208
2920
5807
3529
201
7206
7726
6746
8587
1506
4725
9964
6094
6649
5769
5269
7408
4691
6599
6690
5328
2332
7352
8647
3442
2677
8404
6902
1467
971
2417
5482
7383
6945
4606
9296
4717
7948
4923
1413
2445
6005
4581
9253
865
2844
6019
77
508
4794
1076
49
405
9283
5668
5861
8595
9702
1626
3723
8821
9136
4726
9473
5725
7038
1198
5355
7421
2666
4113
9961
9158
1274
5059
7574
5568
5061
9533
4675
7770
9967
1355
3635
3412
6342
3263
6489
9441
8170
2305
5685
7150
7288
3998
7019
2753
767
7624
1101
3835
6500
6361
3318
9614
5158
2627
999
1942
462
6903
2842
97
3411
6463
1197
6800
1879
9212
9544
4817
9073
8436
8810
8481
4481
942
8629
7507
4805
516
843
8618
1831
5634
2062
1165
4289
365
7468
2624
7463
2064
5822
162
851
5706
9379
528
9869
8753
1814
4813
6368
3603
1658
5537
7801
5991
9051
3068
4256
5591
9420
9514
6807
6483
883
8725
1074
6718
8976
4626
9022
808
7053
2692
7239
5518
8018
9809
2211
5178
2279
4713
2441
401
9206
5236
534
6193
4129
5057
1980
4737
7894
1776
5001
2003
2407
8973
5980
8006
8362
6946
8157
9467
4100
2588
6035
126
1434
1208
3908
7271
3592
4939
5626
5566
2570
6224
987
490
7232
9621
5791
1927
7715
7270
7414
5786
2791
5720
2735
3139
6847
541
1378
7306
9873
5346
4158
3477
6993
658
274
3663
7443
5307
6562
5615
690
6142
3450
3570
7016
9689
9023
614
9695
9913
167
795
1867
1161
5681
8825
9482
2117
9049
3686
7131
1842
5984
3985
3251
297
5397
1663
9672
1629
2659
6149
5564
7395
6451
4357
7585
2168
6655
7422
3310
4826
7528
5994
6568
1873
1206
7023
366
6696
1419
8695
8456
904
2116
8237
2562
1635
9900
6212
362
2461
9705
6182
8163
8504
9491
3468
1002
9940
2151
6247
4607
6990
2250
2272
5536
2973
5845
3554
5684
5949
7272
9708
8895
7512
4618
4291
7626
2830
884
3003
1194
4360
6593
5483
2558
797
636
1645
4823
5342
3423
4307
2775
3960
9692
8894
2763
8177
7102
964
8285
7582
3363
3384
861
3298
4263
9071
7648
6185
9536
6954
5107
4553
9257
2344
5976
1887
8721
7228
113
7279
5252
3747
2387
806
9919
9402
7407
588
1823
5377
8522
6926
9347
3959
9653
3804
1544
4594
1588
8697
2172
7091
1802
4564
7812
4884
7170
1637
5696
7986
4123
4508
3703
5077
4155
1338
4027
6819
1938
1327
8845
6809
4070
6760
1757
9860
8224
611
1382
1609
2180
741
968
2212
9722
111
738
5388
2784
3058
4608
1759
9524
3659
6436
1262
4973
428
6446
8924
2077
3620
6459
7916
1611
1795
3855
8759
5561
5056
9780
6452
3821
7007
3866
1669
6850
7144
7720
5510
5990
129
3718
6992
673
3744
533
319
1937
5449
3178
9551
782
7936
447
5321
2438
8801
3405
9044
8241
7325
6298
8440
1735
8039
1749
1238
7197
3472
980
5299
2532
9895
326
7709
8103
1404
2063
4769
3053
3331
8474
9144
4632
4880
9130
165
3243
9806
6838
219
1883
9768
8754
67
1574
7842
2463
5367
4932
548
496
7747
5273
7301
912
1163
4686
4546
4578
6561
7580
6171
8498
3329
4439
9636
3778
8631
5084
6545
7296
6733
7899
8418
5413
5827
9224
6616
2284
5945
6191
845
2547
552
6534
1772
8430
7112
6542
9317
86
8321
6460
60
9326
3432
5369
2935
3204
7127
347
5667
3097
9254
7640
196
1426
4512
120
6287
8982
7811
3244
3404
9588
935
8939
3289
7451
3809
2053
844
7923
1337
8330
3288
9539
5291
3192
910
6528
7797
4416
7173
4830
3452
9266
6692
6234
6748
9660
9442
5663
7922
214
5139
5594
9997
314
4860
8193
7787
8936
8062
5243
9850
322
5852
8548
9700
9629
8853
1140
9361
1137
6865
6842
680
2261
7852
6103
8462
8416
7378
1493
2909
5610
9821
4048
4913
3861
2148
8700
9239
1834
1113
3746
2453
3854
2955
3159
1979
8991
3409
8125
338
943
188
5846
8122
6753
7287
2154
3056
7328
1260
2870
2639
3684
2591
6449
4935
2748
4320
7568
5672
9863
1865
9521
3193
7649
9369
5171
4822
5157
1231
1767
7548
2886
4854
3286
8332
6642
7958
184
408
3969
3453
8505
1817
9260
8900
1456
5070
1273
2626
2514
1118
7873
5524
4265
7282
1708
115
4951
3644
6943
4423
6214
660
5387
3177
4024
914
8800
4930
3562
4676
1395
395
22
9488
8471
5124
592
9068
1086
6132
4652
3295
3966
5152
9846
1829
3863
5381
7697
8396
8476
8854
3660
2322
7222
7453
3429
1014
9460
9145
7875
82
253
473
8238
5444
3783
9154
412
9829
9104
8077
4401
3901
6756
5917
4140
9803
9620
3895
9179
4692
5115
3729
9941
1015
4637
8493
174
6457
87
1038
8114
2926
6217
6986
9828
5275
6592
6313
730
2029
1430
2533
2004
804
5470
3478
2205
5606
2316
7969
5485
8867
3883
1648
867
5541
1699
4914
3019
1124
4669
8940
8952
3063
6835
7247
1225
557
6839
4147
1811
1344
1636
5673
4255
5029
6065
5078
3521
7503
5907
6882
3560
7870
2712
9
4124
9105
6680
1114
5190
6253
3435
7260
8541
7499
9574
6319
1603
7354
8143
5540
1594
8392
3860
4666
6222
3946
6852
112
6908
3687
1914
3564
8778
4928
3446
7839
6679
3585
8213
7317
7297
1806
4361
5812
3348
8731
2022
4058
279
448
5614
8539
2732
6590
9135
6332
7289
4405
2139
4252
8523
1307
4221
4108
6331
8341
4956
8258
6645
3749
3956
7316
2863
1584
477
7035
803
5962
840
6325
8519
306
2922
4499
4200
1055
1449
4246
5069
7831
3871
2953
9437
1793
9495
4712
2044
7729
6068
9278
1930
3469
8531
5692
5172
6633
9149
1457
624
8106
4338
7618
1176
1020
48
4858
9898
3033
3092
9540
998
4234
5886
3889
8355
8603
9036
7937
555
6201
4264
8500
4211
8518
510
5656
9294
3907
4643
7110
778
4025
4400
4135
9802
3048
9232
5330
3073
6682
970
4590
5679
9777
2017
8232
305
6154
4188
6730
4735
6781
7613
3403
4194
6821
1444
8394
5091
2144
4392
61
1714
8389
6861
1684
6547
5280
9527
9396
4284
3732
9334
5018
6462
7085
9981
7924
403
9608
1044
9939
4631
145
945
7334
2910
122
9945
6999
1618
1439
3219
9599
6723
307
718
471
8190
8872
9909
2175
5528
4650
5042
7593
3196
5599
3538
1454
4519
7584
1812
759
3125
628
7694
4772
7300
7489
9496
2092
5
7496
1213
1409
8197
8292
88
722
2783
3490
2021
4790
4716
5054
2131
8109
9842
2011
9865
3042
784
8119
5628
280
370
757
2264
8680
4347
6023
5579
4413
3061
3651
1961
5891
40
3690
8655
9268
9667
6146
4953
5914
6845
949
2807
2152
8446
579
2501
8495
8345
817
855
1151
6868
1777
4573
1540
8081
5479
3266
3734
7261
5327
7490
7211
191
7737
9519
5935
2014
7159
4688
3222
2505
2437
7784
4372
5884
1451
3755
7169
4895
4437
2093
3548
9222
9678
5772
480
8511
2025
1357
9996
5825
9129
103
276
8677
633
2851
303
4856
2399
1809
2974
1688
1573
7191
6597
8555
5689
834
8064
4731
4689
8975
8946
5931
3211
8104
719
9681
9884
4176
1417
1460
6052
8005
891
6788
3896
5434
9372
9515
5953
758
6401
2646
606
2419
6369
6856
8979
6128
4992
4785
5055
4695
7184
7759
7663
4674
9773
3758
491
772
2055
4869
1775
417
8889
422
9139
359
3421
7278
4501
7706
2907
8521
2247
5900
415
3551
1341
3283
5666
934
5349
6627
2184
7717
9784
685
4473
8313
3997
7439
637
6509
9953
3463
1966
1634
5992
4395
6584
3557
9018
4487
6252
6381
7229
1000
3342
2027
8000
7265
1089
1651
6257
9439
9594
8512
2240
9665
922
6422
8256
8733
7990
3066
7076
9835
1859
5442
6337
3199
4641
3892
2436
1905
9805
2256
4861
8284
4464
8765
7041
6056
8807
7740
9045
1967
3622
4812
2219
4144
6502
9484
1175
9288
9453
7609
2511
8279
3989
6324
4983
5373
8514
2162
6611
8552
3227
9648
2649
9605
2444
3447
2924
1599
2528
1356
7165
6000
5718
3439
3914
8863
4584
9115
1769
7723
4306
1585
9815
9897
2515
7319
337
7236
8751
7153
6433
3543
2255
3851
5141
4729
5372
3316
6092
5715
246
9311
3172
7522
4277
9127
6710
9572
6151
8653
9537
4969
1453
5335
4770
5982
6900
4205
714
3572
9917
5052
445
710
6779
8983
206
8722
5164
5803
8879
1220
9814
1664
1740
4181
8370
2257
5710
3903
9126
2341
8780
6238
9314
5638
2012
4319
724
3349
3386
5620
9241
1705
3392
1092
570
9337
8312
3047
9526
4687
6276
923
8294
5036
2704
5869
3343
1622
2943
3308
4887
1770
4145
1501
9582
4614
6428
7063
6315
974
3876
6894
9418
5678
7856
8168
7651
4455
7695
3389
8365
3186
2204
4193
6271
8033
127
2969
8850
267
9619
5817
3476
9015
9531
8601
5446
2770
4407
8276
6059
2617
2324
1374
7738
8379
8155
3502
7807
260
4476
8350
7044
7241
4811
7946
7049
9819
3642
8688
8927
5888
1889
5766
2475
7238
9272
1450
1832
7553
9859
4398
2856
2536
7434
8391
2071
2459
259
5092
2268
3637
6791
5325
494
1665
6700
6157
4128
5927
2386
2979
3270
4472
2734
3075
9500
292
9101
4288
4015
9905
582
9562
8909
4537
9580
3910
8798
8852
5954
1070
99
110
9269
4298
1924
7881
5251
1994
7843
6906
5968
926
5108
6233
2773
2936
4841
1722
5016
4506
7828
5425
5263
7424
9603
5530
577
8290
7665
6646
3741
524
6782
696
7168
69
9554
9770
6662
7245
6112
1943
5776
9039
4800
304
8221
7942
2879
9903
5738
7519
6675
1880
6825
452
7746
8600
3095
2424
608
9960
4285
3157
6784
354
5640
5951
6444
4970
6927
5329
9910
2072
9457
1281
5226
8136
3546
823
58
6196
1546
2050
4922
3941
2340
5123
7332
5872
3262
7917
8029
6884
2997
6615
7114
981
5593
5675
7196
3716
203
8198
1765
8295
3664
223
7
9571
353
2565
6526
950
9602
2303
5867
5834
9450
610
1110
6744
3984
5797
3057
6393
5232
1221
2343
7121
4753
9417
6693
7963
8149
2548
4773
6258
2746
4490
5756
3168
7879
7650
1778
697
8192
9707
147
4182
5924
6371
6165
5182
4149
4893
3531
4592
5176
6476
9190
6703
800
8485
8142
6314
1676
7637
8687
7381
2564
1174
509
8469
5989
584
899
4153
2126
9642
3166
9197
769
4793
2270
4623
5535
9798
6623
9963
2404
457
7670
9986
4987
2828
6750
2260
2085
6281
5981
1790
54
7789
2631
7005
2289
1323
1619
511
6598
6241
7466
4497
4390
4799
807
6913
7596
6067
9390
6424
8503
5717
1266
9959
1948
9771
4683
5174
4220
5261
9949
952
241
944
4721
7450
1762
8613
468
787
1141
2335
2802
4438
7425
3696
1427
7329
4292
7688
6698
7518
6867
4175
7934
5452
1463
2906
2609
2797
8088
8715
3021
7918
3138
469
2462
8048
1192
9918
1302
3414
7404
9306
4950
2352
8963
9969
2310
9168
4143
9062
8431
3026
2738
6243
7429
780
9882
2673
5923
770
2372
504
7246
1885
7641
44
7645
8442
4702
4287
5862
892
4544
2884
9933
1570
3817
1532
7794
6510
902
9971
3870
7304
8955
7991
3590
4955
4408
3819
3524
3137
8998
182
7930
6402
5460
4620
7532
7994
5700
8841
8340
3700
3726
6496
8120
3949
3304
6517
6536
8509
5127
7128
1349
2106
1872
6493
7137
5248
9368
1112
6322
9291
8310
1721
8174
9111
5938
4998
2790
3750
805
4162
7588
8672
255
1624
2711
9448
4886
6438
6699
5370
9990
283
1438
4274
2089
6303
984
498
7791
3235
2415
5605
5103
5257
4934
7294
7280
6648
4266
4122
8024
8623
9991
5484
9972
6691
4851
153
1280
5312
1440
8942
7950
377
371
3223
6546
4634
6492
3327
9950
3312
1527
9717
7431
4169
2325
7997
4191
9107
8393
8712
1190
9631
2780
382
7263
995
1164
6001
8374
2458
2961
8842
8359
7201
1692
6686
6077
8873
4354
7313
8599
593
9318
65
4662
8047
2820
7061
6032
4647
2888
3506
7373
4881
8914
538
2880
8172
1534
6474
6161
9236
2822
5163
3324
9119
2729
5407
3594
5556
5851
2777
9721
745
6076
9345
2311
4768
7741
2074
8605
2028
5324
5703
8333
8717
9557
2308
7372
1940
1127
8215
3180
7805
5008
6291
9155
3067
5521
809
2628
4377
2039
6139
875
8785
3229
895
8426
434
4370
9456
8948
2589
6949
4373
9501
6607
8001
7444
8200
1037
1608
4379
224
8135
4381
4334
4180
7391
5122
4146
5986
6506
9276
4941
2779
3767
5653
1990
4367
6889
7566
6468
8792
7804
3302
7878
6230
6833
8835
3353
1078
6998
4179
8403
5128
5215
3882
2504
3981
4777
4963
6070
7055
8635
7526
5944
2872
8298
389
7546
7554
852
5975
7822
8666
6871
887
1541
4502
4605
6874
1168
2439
4926
1789
8515
6091
7092
5039
3498
526
6081
5019
6388
4004
1780
5585
4715
7530
6834
5587
6280
8068
2968
7115
6172
3388
9221
8124
1308
7608
5783
7545
9063
1758
7174
4936
4954
6447
1578
2031
2510
1909
3431
3766
4111
9655
9732
700
5096
5694
7082
1571
3705
8021
9825
3190
5625
3069
1893
5646
5391
6583
1667
2971
1899
4447
6630
1844
299
6877
5906
9019
791
1498
663
1851
492
1918
9069
2750
7685
9188
1223
4068
9329
3748
312
7788
1711
3877
14
4232
3820
6430
6533
1187
1787
7420
6794
5586
356
4583
9793
7303
921
9325
4
7449
5969
8315
9625
4075
9102
8744
7643
6180
1904
8004
1265
4596
5365
3645
9411
6199
6169
2115
6047
8434
252
5338
1698
5686
6812
4888
8194
6905
4244
9338
4885
9112
8789
3174
9173
6450
8366
311
8987
573
976
6080
7225
1956
8204
440
6988
6339
1361
1801
3004
5351
2254
5109
7428
7483
9568
2810
8216
7932
7981
9503
4891
5848
9987
6837
6548
6580
5260
1612
1929
6758
4466
9845
8443
7034
5806
9200
6709
3639
1256
2032
635
3104
661
6292
2198
7094
4503
5431
5936
1643
7979
549
8080
7711
7579
9856
108
7161
6508
336
8750
515
9250
9613
731
2363
9553
1720
7854
4645
3951
9902
5688
8958
9153
4562
1387
7540
8606
4019
8140
2075
5106
1060
141
1687
9320
8234
2849
4399
1683
4151
2464
7984
802
3751
7274
4550
8245
5433
5048
5076
3062
1414
1476
8627
9868
3875
6948
6739
2788
6294
1222
7625
243
1912
2008
5204
3787
4073
8186
3606
3014
7073
3133
7514
7494
7369
9048
9606
6042
5099
5805
9715
9525
1926
8814
1531
4878
1677
8806
4621
1004
9040
3122
7062
3630
1379
39
9666
7968
4422
2013
2262
3322
4547
2509
1243
9506
1566
1553
4371
334
2474
9327
729
5132
8250
168
6604
8461
8069
8562
2105
6921
3325
4948
3702
4240
2405
5985
8786
1996
4098
1299
300
5809
2323
478
8191
9523
7491
713
8180
5199
5727
4216
6352
5961
7056
4273
5212
3675
2100
650
9171
6170
6072
1001
7302
543
4700
5904
2485
6936
8638
3520
766
3334
7561
266
8908
1146
36
5902
6349
6434
1655
4874
2785
8856
7679
9826
8046
344
7802
9407
179
8925
5777
7052
4301
2145
3722
2275
3774
7919
3858
8219
1970
2395
1314
4752
6640
8320
9086
5558
2307
1442
3027
3653
8108
8297
609
6932
8326
7962
9559
6207
7865
5629
4879
982
8181
7754
9121
7312
142
5799
3018
1997
1503
7320
8441
4187
2559
6079
553
7803
5186
6225
1251
3257
5341
8329
6824
3906
5810
1815
678
7773
4183
3955
7523
1191
4749
537
2623
6792
8083
2799
8654
7485
9388
9333
3904
3597
6395
9064
9512
4189
5496
1296
4417
9725
7989
8452
3689
291
8453
5376
6537
159
4993
2618
232
398
6125
7820
2179
9243
6786
5222
9265
2249
2213
7635
6636
736
216
2239
2538
7124
6963
2982
5600
9852
8147
5100
433
5721
9469
6716
9078
7908
2430
9757
2705
2838
221
9191
9162
7956
695
878
2228
3245
212
6495
4117
8831
2174
9817
3515
7285
4588
6244
8132
9313
7527
6602
4496
7070
6601
6979
9885
8544
4118
3051
7181
4112
4214
83
6527
8280
2603
8121
6147
2744
5466
7667
9593
9300
6289
1822
6210
4668
4556
9087
1069
8146
5618
200
6040
9517
2138
394
4795
556
3561
6666
640
1565
9800
6255
5702
2129
5792
1649
751
698
1016
5138
2479
5683
7156
5168
1774
5719
2658
4890
8282
6273
4565
5829
9349
7135
2413
7445
2512
5940
3772
1079
1605
1742
1117
4096
8772
2975
1934
3114
4761
414
8726
9227
7442
1808
5815
7361
4424
5957
9670
4270
1891
2676
3436
5254
8458
9367
4172
1298
6375
2766
1303
4921
7815
7819
9249
1906
1554
98
4035
7099
1103
4293
5929
5699
8549
8676
562
4882
8409
2595
2952
2928
7652
9302
6504
1025
3299
6113
4977
3865
5223
8231
55
8528
3885
9058
5134
9389
5636
1860
7938
9140
4082
8777
4369
2403
8306
8685
7223
6100
7809
6027
4097
6187
73
6498
6074
9094
3857
5177
4459
668
8110
3682
4239
4938
4595
9186
9228
3868
5356
4979
4810
4577
7276
5445
1286
1925
7960
6338
6043
4346
63
1464
8529
1446
7646
5633
7202
9352
5395
1660
5448
3677
7595
4558
5350
2597
9792
5450
4750
6119
6124
8249
7874
2496
9786
2539
6162
4598
6951
1518
2466
2925
6184
4617
7018
6505
4034
4164
6600
1557
978
7862
7097
2234
546
8343
9597
5873
5650
7570
404
8261
716
1656
5500
3110
7560
5300
6609
9356
1054
8272
3381
4174
9095
1998
2098
5436
2685
6975
8185
3370
3913
7552
1640
7728
1738
8439
773
3679
3078
9618
7435
662
9299
8868
1794
8905
6497
2371
2088
5183
9942
8577
2804
9610
3399
8585
5457
1886
3148
4036
9444
42
4139
2193
7632
310
5745
2635
6123
9647
7606
5643
1040
1824
2368
4679
3805
2957
5671
8158
4782
4258
5120
3373
1083
2
6799
1380
8372
2694
9305
8689
6741
3361
1226
2652
988
4648
4602
5345
6944
7105
2164
9791
1647
9875
6120
8183
24
8432
5866
7674
2297
8327
1843
487
2315
7216
3786
2248
3205
2140
80
5780
9535
9657
9297
3158
9680
4324
9035
9923
175
7598
2615
8974
1242
355
6269
6102
3416
8659
4213
1871
5841
4106
2099
125
9350
2664
8470
1680
8986
7901
13
5612
2726
2786
9163
5386
5519
2764
6088
2428
857
1491
9747
1922
8156
1933
2524
4640
3401
9169
8407
5819
3516
9561
8072
2026
8226
9558
6386
7394
9146
7633
1288
6512
5714
3770
1184
4489
8369
6620
9256
790
5491
9694
1900
9133
1324
9081
4479
3900
3017
8457
9088
9719
9638
9682
747
3248
4393
8378
5467
1607
27
3850
1477
9916
4294
296
6117
4660
1408
9627
9844
9000
2196
1849
6872
6621
746
8864
3443
7834
3567
420
3419
5617
2963
6564
681
9461
4059
643
8683
6311
7117
7749
2296
2427
5114
251
8913
6400
3972
4150
3321
991
2796
9262
4924
5578
1545
2235
9234
6614
2136
783
4333
9208
3545
4876
4549
3848
5905
9867
1111
7762
8496
9935
2383
1097
4349
1177
1756
4516
5723
6263
29
3898
955
7277
6195
1598
4138
3231
919
3475
607
2166
8640
3260
2660
9217
282
2317
6551
3509
2080
8628
9124
3859
5874
2236
4248
5549
9946
1670
124
4456
8843
4586
5332
5604
5461
4332
1701
470
4364
3713
5402
9403
6221
1207
2346
6887
7106
5323
5348
2789
561
9703
3963
1373
3649
9827
2866
596
1322
6135
3055
4480
4968
5435
6864
7658
3727
8915
2656
6843
4342
4163
4828
8580
3753
3757
1641
6299
4892
6374
9510
1972
144
9264
880
551
2035
8784
114
7876
3976
5343
247
1210
2904
5337
4999
136
3707
3697
5823
1726
8937
2398
7806
739
4575
8271
8698
8173
9548
3112
9834
1134
9779
5396
4389
1159
9822
732
2809
6826
5503
8492
906
3144
6888
3161
7269
7861
5796
8257
6995
3281
4279
7563
653
5011
186
2379
9370
6541
8768
4304
3395
8022
5437
7756
181
8201
4902
9697
6285
3771
9528
9878
6355
9632
3916
9584
6026
5616
4471
3683
2282
7840
8041
8610
2411
8259
1723
8813
4427
5421
985
8293
4421
941
9633
1702
1991
7753
1661
1412
3694
2966
7436
8406
8035
5912
8632
3715
5072
9624
1797
2001
192
30
8398
2057
6183
8742
1576
5244
6722
5526
7376
3224
9335
1370
2482
1126
7382
245
8678
3375
7330
6761
4394
8930
8771
4611
3143
2163
3043
1306
908
9451
7855
5398
2481
1073
3320
7978
8621
6122
9698
1992
6817
9182
9289
7390
3160
289
1135
8922
4908
9445
2214
7186
7240
8804
6411
3233
3247
3912
6318
2246
2400
3009
4673
1616
8967
8264
1999
7307
1436
3600
6751
9783
2988
4507
5859
3195
3833
9284
1744
7905
177
2932
9343
8300
4748
11
4206
7493
8790
5948
441
7739
1630
5423
8969
5732
4350
325
1552
7848
2500
2529
1209
8356
9178
6409
8383
7346
4204
6130
7403
7458
8477
5414
1084
5366
8817
989
9037
3613
8586
3504
1861
5340
7089
3420
6166
1009
3093
7314
9862
2737
704
7587
4168
2338
7401
6566
7132
897
5071
5918
9382
2224
6448
2229
8303
2010
3162
4642
7504
1753
3526
5295
1024
9328
5842
6634
4709
4230
3129
5967
5353
6557
1754
506
9385
3830
323
5838
2541
938
6156
6099
9176
7348
5576
4745
7620
4278
2831
269
7405
581
360
3816
8162
8559
6060
1304
4060
9577
8995
2465
1781
2897
5592
9415
6344
2586
1792
8796
3156
8165
3241
4847
8211
862
7126
7558
3917
6105
5015
4783
9377
7944
3911
6329
4798
3355
2760
2076
6854
3611
8776
9864
1951
4491
2114
7217
5887
423
6917
1632
7040
2233
3250
4233
3980
8344
931
9391
525
2489
571
958
1026
7602
8150
4362
4030
8576
2313
2356
2874
5789
6960
1483
8038
1750
2882
373
33
1910
679
8755
6808
429
3025
9988
1416
5401
8167
4107
3719
7021
1671
7351
5747
324
6670
2336
5131
4069
2765
5187
2273
2442
1234
4366
2339
3271
5038
1986
1985
7590
497
7447
6454
3217
5464
4848
6250
7323
5302
8693
5943
32
6004
3739
5306
7072
9754
4241
4302
3140
7636
689
8223
4762
8641
8454
4462
9499
138
4121
5067
7249
3965
1495
4527
3555
7226
6053
4484
2263
8067
4789
140
2985
409
9881
4780
1734
4461
2645
9509
3818
8965
1935
3360
6421
1393
1977
9475
6150
1232
6431
2503
5191
1081
8912
7003
666
4418
5959
9147
5966
1674
2158
4492
2877
8478
5624
7308
595
7684
9183
7095
8176
7385
4010
8760
7833
472
183
5507
5456
7037
8692
1882
1864
6554
1621
7400
2522
5285
2208
7623
652
5506
7068
443
6405
554
1984
2710
46
7080
430
1751
4290
8573
2406
3756
2526
9911
8989
4838
2292
1162
3467
9560
4846
1269
8138
2540
1423
6197
7943
5759
8187
123
9177
4089
7047
8592
1173
3591
4022
6051
5197
9601
3213
8799
5169
2740
6440
3759
2408
2560
7860
8745
2981
6261
1339
9849
7707
7535
8626
3191
4196
7953
7162
8175
3661
2933
6895
786
3413
3648
5739
9600
2171
9716
2431
2390
8351
185
6445
7475
5814
1264
5875
9763
5609
5550
4816
9340
3396
3530
5630
2007
2778
3402
2803
1686
1606
626
2251
5358
1941
1542
4829
7897
2743
8510
8762
7792
997
2488
967
3698
2544
1508
7644
7481
7025
1129
6350
6814
392
8943
4083
5983
7377
1458
8945
7315
3382
4513
4862
8907
9231
1011
6176
6414
5238
4435
3873
6617
9405
52
2410
8195
6487
8534
877
3022
837
1874
9079
8526
5925
2267
5364
5161
1563
8591
6358
6863
2848
5079
2954
1258
2478
1650
8490
2850
8086
5113
2993
6801
654
8037
8054
5144
8364
8229
7324
3583
1392
3954
9723
3012
6689
1091
1582
4483
7559
3655
4005
1149
3798
9731
874
5843
7218
9028
9832
7977
8056
9118
6981
7696
9956
1617
2721
1480
7109
7683
5794
2876
6254
8972
5313
1214
8055
4210
7275
6813
238
256
3441
4011
6603
6022
118
6160
2446
4622
1525
1962
1507
2103
1784
691
2688
6560
461
703
5170
8625
2568
8089
328
4889
8466
9194
8649
4313
2883
3569
9199
3779
9443
2468
5637
5926
4023
4451
7826
2736
3625
1589
6265
7399
7252
9293
5642
1983
9908
2835
94
330
1166
3094
1181
1282
4699
1537
2183
9752
6796
3458
953
8938
2949
6359
3621
519
6923
5858
7795
559
4281
1144
6953
1396
6284
5185
7662
7388
3872
5849
4452
8451
2771
9490
9295
4704
6635
318
2130
9067
5798
1133
5670
3990
6104
4917
3197
3169
9727
7227
3408
8636
1325
5213
2944
687
2373
7215
3185
8375
5580
6855
7660
5439
706
3802
7975
4779
2353
9679
5908
3811
7698
486
6317
7343
2825
4414
5333
3208
6795
1846
5664
605
6713
8536
1128
6300
5196
4080
208
2476
3488
1271
4839
6846
2739
1418
2629
1666
677
7541
9581
2741
3319
2287
150
8075
7567
6793
474
8102
1496
1119
7825
8455
5087
6407
5755
2051
3587
5098
5542
2938
9693
7871
3676
842
8704
8207
2761
3311
8978
8532
4995
6246
81
6985
2696
6031
6441
6997
5007
1313
8111
1715
674
4402
3932
6367
5193
2362
3936
4520
4832
8003
2600
3141
2375
7863
9992
7010
5512
198
8775
1869
5155
3315
7418
3207
1462
9098
9089
7448
7455
5890
684
2167
9714
8131
1682
9569
9100
3099
4050
341
7009
8479
2153
8008
8822
3789
1420
5494
9205
5551
2571
4655
7813
9007
5563
9008
5418
8668
8779
830
4539
3335
9799
1253
7233
3761
1179
3815
7031
4535
1590
2698
7733
1204
8027
2821
4127
7935
2593
5200
8019
1946
580
4344
8358
9364
1435
7392
2759
7456
209
5801
7079
2394
1690
8857
166
5481
2972
4771
7883
4738
3736
774
2643
7423
3494
7693
9408
4538
2293
8494
5709
4295
8556
2147
3188
7482
5613
6941
8557
453
4555
5525
9282
2707
4218
8932
4678
4587
4190
6619
8575
2556
8251
3975
1279
1268
1513
6653
1818
3796
3731
9504
5505
2107
6272
284
2280
2360
849
6931
6701
5126
9753
2697
9513
8820
4219
2150
1059
4411
3493
6660
6461
6624
6907
3216
1907
240
1975
1368
4615
3181
7096
3280
8572
2266
2290
4857
9401
8691
3378
5687
333
4171
4340
1785
2043
4444
9930
7547
913
4088
4237
6320
8904
348
5572
9053
1499
5432
8323
4534
3225
4006
924
6488
2869
6901
7692
599
92
8338
5941
3563
4283
750
2861
4672
1718
1153
8448
8354
3070
9416
5125
3345
4682
6789
1982
890
6219
9474
9138
5121
6155
7896
3464
2875
8228
5878
3944
5761
4842
4051
613
3007
7653
5249
5501
7886
3827
3537
5750
8861
7830
1771
3616
8153
286
5701
3008
272
8602
2758
290
4763
9055
425
7882
4665
7122
7480
7498
3127
2699
977
1350
4242
5440
8488
6647
545
157
8703
2186
7724
7248
4504
1259
7051
315
4102
2917
2111
3249
2472
6973
298
4469
8891
171
5283
6398
3083
6610
6406
264
9696
3367
6629
4330
3782
2965
7318
4321
5716
3387
6078
4791
5265
9263
5228
6093
4915
5973
2672
7926
2923
6955
7461
6978
6678
6878
2542
5025
3618
1039
7219
6970
9251
9742
4736
1820
1371
3847
7178
5632
3050
9174
386
6227
8597
364
4257
2829
5928
3599
5553
7565
2110
4446
3341
5546
3380
7846
6991
5758
3615
6543
4747
3236
9481
4125
4703
6211
7816
3586
1068
233
3101
7164
10
2927
6453
1452
9983
4090
9880
8658
6899
6050
4081
2389
1509
2731
148
8645
4964
7001
6687
8026
9756
6815
7042
8196
8546
9790
3967
9471
5818
6828
7611
4859
387
2237
8550
3714
1158
4821
1685
2079
5339
4827
6240
1857
6020
3549
565
2137
481
8360
7673
5005
6729
1402
9310
9630
458
3296
5361
4247
2610
1401
4820
2644
222
4095
1993
6556
9776
8071
9076
9532
4734
8711
1353
2653
8858
2345
3113
8154
8827
5151
9027
9914
1295
4866
3106
3674
789
9438
6245
1189
8686
1170
9781
1810
1838
2700
7190
5471
5416
5017
2908
8981
1485
6804
2895
9874
1881
5393
3995
3146
1036
1205
6351
5020
6922
6832
390
2833
8051
775
9351
6939
2190
6665
670
4032
574
7576
7066
4297
701
4649
2286
6929
3084
9430
3366
7333
5286
6259
3982
3909
1360
676
2813
8926
6036
9691
4728
7998
5895
4031
9075
5855
7716
3293
1301
3695
6008
4918
5028
8579
228
8199
4433
5821
2812
5988
8897
8346
8031
8459
3410
2916
5850
5595
17
5258
6577
8783
50
8714
8230
5565
7836
2391
7601
239
3470
4533
1987
3194
6442
7895
9555
7763
8736
591
7913
2319
6866
1535
7761
3711
8710
4694
6767
5880
9684
4510
8933
9966
9195
2157
7712
5180
8673
6947
4560
7268
4990
2811
7880
2207
4877
7192
5581
889
2575
6818
6772
2525
151
6394
1321
3519
7999
6372
7098
9564
6994
4453
6638
5288
7957
517
8145
2244
351
7654
9429
8851
9009
9906
9915
6202
2454
7253
4819
5255
8941
9304
3237
1235
5970
4706
7993
7338
1729
7594
257
6754
218
8705
9674
2483
2355
6037
5089
4384
7929
7920
1255
3654
8066
4460
1390
5589
2049
12
4727
9381
1005
5242
6288
1610
2374
1524
4522
8274
3540
7799
3220
2351
4994
9214
4397
9872
6544
7612
7690
1249
9440
7355
2506
9671
6585
4612
1761
8920
5420
2517
3874
3795
1558
6034
7925
8696
7358
4788
1336
6957
2619
3206
2425
4494
2068
2452
1653
8818
6996
4540
1346
2473
1581
7462
8590
5655
6167
6443
3598
368
8166
2634
4787
1841
4236
4629
3430
2199
2259
6046
2620
2497
483
1944
5363
332
7331
6226
7309
8371
9229
535
9999
2337
3397
3179
7251
529
5871
105
669
5116
1911
9765
6007
8402
6674
3167
2930
2030
6189
5741
6538
1123
9566
1043
3234
1473
8410
4671
9193
589
6971
3841
2006
7411
959
2202
4474
3881
9669
6328
4778
5648
7148
6840
1252
7028
8748
848
8287
3709
6413
3950
8501
5876
2551
7628
1631
5597
2563
5080
6612
4224
7006
6798
5847
818
4724
6305
4259
9322
3979
263
1783
7814
7676
1519
7026
2962
2598
4253
752
3400
963
1950
9690
3652
1211
455
2991
7133
3253
1169
8148
5399
2682
1825
5147
6747
3662
717
5645
7349
9156
438
9387
2331
9661
2745
6106
2502
2976
3894
2498
6909
5375
3792
1602
2592
9108
4952
2176
3082
1180
1689
9977
7959
9166
235
6651
740
8387
8016
5728
7659
7928
9980
2757
6579
6977
9449
7972
6523
9455
1233
560
6251
8283
1023
7119
6859
7849
2862
1828
1108
9546
1335
6346
3801
5779
918
6363
4249
4957
1188
6777
4012
1157
8896
2440
617
8911
4116
9985
6706
2837
400
779
5883
7167
3218
4170
602
3953
728
7141
827
9090
4261
8107
1529
1639
9955
5514
6133
2447
5478
199
5998
4718
5743
9573
4863
8427
2903
8916
8738
7912
9410
2772
4410
4134
1447
638
5043
3973
3559
4055
3536
564
9644
4796
3672
4016
9529
8189
2065
1065
5209
7157
8988
5547
9395
7322
4824
2584
3497
2354
1654
3323
7906
5224
205
9616
1921
375
5383
2188
1579
3884
2081
7208
6432
9927
3612
9030
917
7446
3460
2178
8160
229
5137
8188
962
2203
2045
993
7059
3317
6218
6671
9165
384
3962
4996
6567
3214
4477
4177
2101
5480
5894
1071
838
6507
7264
8583
1347
8929
531
444
933
5253
1145
8953
5380
4597
8415
645
8423
6475
7569
9886
6898
5474
6477
765
8887
8808
2898
5233
1106
8694
4528
230
9426
2552
3793
2566
281
9275
7987
4775
8087
484
3693
7075
4681
1122
4693
5740
7492
427
7470
9502
8838
1523
4161
5130
3437
9585
1049
7432
3961
881
6494
6458
1052
3291
6316
7359
3532
3259
7965
6778
8032
8757
9376
6672
4235
4759
2651
9543
9759
692
5833
2686
8255
9677
1567
5760
3657
4152
3507
3878
56
6668
6138
4160
8397
760
4707
3036
2648
3290
6465
9974
2069
8235
7721
2328
5965
9934
4001
1945
6321
9060
4067
3566
8675
2113
2227
8674
5408
1203
2521
7204
4268
9854
1348
3920
9339
4524
8084
1526
488
9432
6
6656
8533
4391
3313
5034
3640
2078
5045
7415
9978
158
465
5142
726
8382
777
8130
649
3678
4766
116
8584
3994
694
4627
705
28
8547
5205
3278
9336
6727
2285
788
2945
7898
1479
585
7255
4063
2218
1212
4141
6144
3927
2853
4425
5621
1201
7891
4018
6829
6501
2435
3553
657
4698
3465
6084
3836
6862
1681
6333
7915
7764
1034
5063
6327
41
9641
4894
9434
5711
5473
6242
1901
3601
4286
8034
5231
5086
9041
4644
5112
1747
6491
4919
905
4732
3812
2720
639
5477
7610
1405
6480
2364
8795
1559
2622
3284
1741
3728
9092
9937
1400
8739
8007
6366
66
990
4774
5974
5216
1613
5857
4931
9787
9762
7367
1364
6569
850
7931
4231
6264
8339
2585
7949
4458
4985
139
600
7767
4657
2128
5062
2912
3115
5031
5573
7539
619
9273
1957
8870
5462
5384
9413
5771
1156
1247
7967
3064
100
1839
2384
7476
8123
4363
8787
8502
6950
5188
7074
1115
6013
5674
4517
5647
9733
7193
4260
5652
6239
1963
4315
7152
5336
1185
2579
6886
7771
1042
5102
3650
8846
8009
5752
4355
8553
9375
1381
1218
8222
1595
6348
197
5021
6376
3735
5221
278
1791
5281
4600
2222
8137
572
7454
5942
5058
8743
5680
3292
9319
4426
6968
8959
3921
7337
9954
2675
6803
2573
9029
8617
7353
7363
7259
3991
3297
9116
2657
7727
1411
8491
7600
2794
7509
4551
9085
5831
6058
7751
1056
1481
9879
1082
3445
7672
435
8650
9431
3584
7500
7046
4905
2668
1816
4532
3829
6268
5405
7032
3610
3484
5294
4272
9926
539
4468
6934
9042
7755
825
2121
4697
6726
1239
9393
7734
6044
3588
9924
7243
1536
7859
2455
6702
1046
1691
3924
3773
9993
5046
1275
149
4659
9082
7103
102
9755
6535
5889
708
1272
59
4009
547
4316
9522
6805
2042
1737
9493
225
7502
277
7050
6073
5023
2450
419
7988
1369
9161
9841
4056
327
3032
2887
9398
6643
1952
3808
5309
7389
4855
709
3893
2715
2894
6126
6719
8049
2941
5149
4701
7221
7310
5603
7829
9185
4619
4442
5347
8923
6937
5266
7195
3151
2774
1472
2358
8254
6420
7525
3087
5995
8888
4166
667
3079
8076
2616
2038
4076
6677
3668
3958
3704
4844
4156
9360
6745
2486
7402
6731
7266
9664
8169
6340
6418
7682
1178
948
7821
3272
5893
8463
2083
853
4929
7995
4448
682
1300
8855
9202
4907
707
5619
5897
2531
6659
5305
1586
7621
4708
2989
2192
5476
1995
8042
6066
5326
9066
6664
2298
3623
7118
9001
598
3581
9180
3365
9833
9021
6134
8928
4927
1807
8667
4988
3699
3489
7467
7452
5093
1706
1707
8319
2815
1410
1866
7534
5509
2913
6175
9920
7172
3130
3573
8269
1019
4137
2630
6511
8781
1466
9734
5359
8761
911
863
6478
3582
2674
2868
9818
2970
3417
5913
3577
5201
2840
3098
3996
9686
2054
7955
9685
9586
5277
8268
1725
6520
9508
3203
9246
2717
4818
9579
9016
9355
6563
7909
6277
2681
6330
8438
6377
6765
4093
6383
3170
1971
7286
8248
8243
4670
7205
7140
8681
2723
7630
6684
876
4331
5520
6055
819
6676
4314
6404
7555
839
3669
743
2217
1309
6883
4802
5916
8829
8445
7125
5217
6513
1104
6956
2614
5490
7551
8209
170
583
1022
211
4498
2024
8134
9072
6663
6455
7406
8791
8309
6695
4017
4663
1359
6279
9341
6790
7231
2567
4280
7379
7387
4807
6587
6735
6681
2253
2782
287
3737
2978
7187
7902
7893
9492
3077
5911
928
1709
4061
1215
5538
335
4635
2637
3340
8581
6131
6286
5165
9486
2792
5463
6249
6033
4109
6010
8957
3456
9896
4836
6550
7885
8774
4115
7742
1461
969
47
6467
4039
5885
6870
5654
8210
5104
1331
1431
1779
5493
5921
5133
901
3256
1072
3797
1093
3232
3867
9074
3034
5000
5287
1644
5690
1646
1240
2885
143
6768
499
3123
4658
5781
1969
4831
5081
4972
4959
7495
9034
2221
2416
7342
7166
4013
9424
1543
6720
6231
8182
9143
6140
8435
4007
3339
1443
8966
5964
1748
9184
4541
9795
1351
6041
2277
5316
5555
4906
8644
5495
2845
5870
2274
3201
6345
1819
4974
2937
9592
9187
6304
5315
3142
5410
1604
3800
9889
3039
3332
3935
5665
3427
3126
8949
7832
6974
1954
8819
5767
7090
5773
7966
2873
7904
859
8794
675
195
5394
9485
3029
8766
9038
8482
1700
4806
5584
5009
3479
1342
3926
7538
4624
7634
1487
6851
7409
6555
402
4486
9810
8096
5278
3886
3390
7952
3054
9394
4651
6186
3743
4428
4353
3632
8203
7290
540
9203
2893
4085
454
3202
9598
5708
3775
9002
4633
5037
406
4375
2611
1854
6473
2728
7370
7605
8273
6715
5154
7356
5119
1628
6357
5274
3646
7638
5303
5317
7617
6987
3593
500
460
2357
4764
2858
3790
2066
2434
9357
1248
794
8657
5808
8236
3609
3547
2495
3221
4404
644
1021
1354
6515
8862
6589
5532
4982
8014
856
7154
5429
8028
7299
642
7033
1227
7793
254
262
9807
5469
1575
9785
133
9238
396
7730
8408
5013
9701
1317
4463
8964
8540
