108
520
341
88
286
349
344
611
283
502
574
744
696
110
926
446
417
868
692
234
776
275
10
213
640
158
185
961
333
808
774
449
840
814
793
413
662
935
239
334
925
517
61
904
190
2
657
891
989
267
442
784
308
493
523
735
189
682
844
407
11
952
374
45
898
316
806
350
598
738
170
254
603
467
674
222
956
835
187
105
165
474
644
138
564
769
530
80
174
144
173
433
761
852
689
505
665
982
677
340
748
778
179
264
681
525
967
122
969
632
509
436
619
129
566
221
855
890
617
102
714
324
487
679
900
186
66
911
543
37
238
960
646
476
595
35
504
65
940
708
673
934
231
309
987
494
799
945
56
684
616
829
400
929
580
371
973
846
107
661
326
691
770
718
362
882
955
964
591
304
49
285
403
57
448
568
235
624
626
23
867
159
198
794
978
786
269
317
314
53
342
733
6
47
707
701
135
874
419
939
295
391
653
816
593
676
599
434
224
209
83
492
589
919
118
330
4
272
535
463
500
84
40
405
14
488
384
134
462
533
212
243
567
306
164
590
669
615
569
753
439
296
512
839
927
313
655
909
837
698
160
545
241
717
19
163
154
343
130
709
131
157
381
750
230
271
992
563
31
583
741
427
759
625
414
59
541
670
85
695
358
534
440
645
320
730
421
373
581
721
435
140
95
261
777
8
537
495
582
360
424
298
642
516
594
872
654
17
252
894
299
560
933
327
771
356
826
91
965
461
410
963
532
610
807
538
366
649
352
33
497
980
910
459
277
680
192
361
630
663
484
229
245
478
345
734
34
923
268
658
244
225
802
821
258
237
958
284
290
966
310
588
145
123
499
605
746
726
631
79
866
637
202
830
737
363
422
114
683
623
528
294
319
101
687
991
201
312
921
378
651
678
887
947
382
772
765
149
903
416
472
527
792
712
995
113
998
365
878
694
402
892
880
570
307
255
68
984
148
150
731
412
372
431
542
12
531
671
451
71
86
602
869
98
142
279
475
685
740
968
788
78
650
100
29
571
888
121
82
555
183
51
420
896
470
58
393
906
464
426
767
445
394
250
988
337
109
801
836
828
620
1
303
584
614
764
16
993
423
859
137
262
877
453
924
15
634
928
89
722
688
548
460
791
90
639
425
745
20
336
92
613
184
864
498
380
63
600
762
13
849
479
720
752
77
1000
976
825
112
204
270
621
133
156
389
215
943
263
850
43
452
139
387
954
289
941
253
67
959
813
208
415
962
780
870
81
513
9
367
172
949
902
194
827
175
755
292
883
128
155
822
430
126
281
386
141
996
438
469
399
565
723
27
147
819
551
69
455
820
32
817
332
329
143
857
915
409
18
876
706
240
116
300
36
273
690
812
524
703
944
477
103
338
768
832
607
751
305
848
865
652
905
227
728
328
897
191
177
99
395
117
302
136
323
236
592
248
666
454
375
711
576
216
507
125
401
659
161
667
377
601
922
540
266
318
803
392
166
220
875
856
276
396
810
787
388
355
278
315
348
596
526
979
346
618
169
153
265
804
800
211
70
471
485
798
458
168
206
274
587
575
608
697
30
716
529
151
441
889
710
781
633
862
297
546
7
456
203
491
26
429
559
385
146
884
704
729
354
660
450
259
885
823
936
96
55
188
843
609
398
612
873
879
899
908
246
489
550
974
763
641
28
932
756
218
643
635
503
370
132
749
739
291
353
773
217
957
847
76
287
511
629
975
747
636
152
554
742
552
854
444
970
368
46
228
732
553
627
124
789
757
247
39
886
585
120
404
931
62
845
465
97
672
443
519
578
359
775
486
339
397
668
860
521
197
501
490
937
760
858
805
482
432
22
972
64
522
901
357
999
408
106
480
702
196
376
572
920
779
853
539
573
851
815
725
75
94
981
207
288
93
863
219
719
556
226
176
496
74
895
260
604
406
347
544
369
468
104
44
52
364
195
233
42
5
301
115
628
3
322
25
912
842
946
861
907
251
785
331
383
249
916
390
942
54
647
111
699
48
508
127
606
736
38
483
506
913
466
280
656
796
700
985
743
950
549
199
881
311
50
971
411
983
223
41
182
579
536
214
514
210
597
705
990
379
167
586
558
293
938
335
200
951
686
622
693
321
795
994
818
562
727
193
871
783
481
838
790
811
833
256
547
282
986
918
181
515
72
953
557
664
325
447
675
73
638
428
713
997
782
257
180
766
809
171
561
437
797
119
930
834
893
24
648
351
914
232
917
510
205
87
724
457
577
473
824
977
754
715
831
758
21
162
518
60
841
178
242
418
948
